Loss: 0.20892228186130524
Accuracy: 0.8652631640434265