Loss: 0.984115481376648
Accuracy: 0.7037037014961243