Loss: 0.3102136254310608
Accuracy: 0.9136841893196106