Loss: 0.8547831177711487
Accuracy: 0.7037037014961243