Loss: 2.2923943996429443
Accuracy: 0.7407407164573669