Loss: 3.4240660667419434
Accuracy: 0.7037037014961243