Loss: 0.2430776059627533
Accuracy: 0.8589473962783813