Loss: 0.27510786056518555
Accuracy: 0.9031578898429871