Loss: 0.3676811158657074
Accuracy: 0.6539682745933533