Loss: 0.6937941312789917
Accuracy: 0.4922279715538025