Loss: 0.2182128131389618
Accuracy: 0.8476190567016602