Loss: 0.602595865726471
Accuracy: 0.6666666865348816