Loss: 0.5028074979782104
Accuracy: 0.4730158746242523