Loss: 0.5976465940475464
Accuracy: 0.30158731341362