Loss: 0.6926618814468384
Accuracy: 0.550000011920929