Loss: 0.5571756958961487
Accuracy: 0.3047619163990021