Loss: 0.6893447637557983
Accuracy: 0.7222222089767456