Loss: 0.5872592926025391
Accuracy: 0.7777777910232544